global ngt
global ngw
covm=[1 -0.3 0.3 0.1 0 0
      -0.3 1 -0.3 0.1 0 0
      0.3 -0.3 1 -0.1 0 0
      0.1 0.1 -0.1 1 0 0
      0 0 0 0 1 0.2
      0 0 0 0 0.2 1];
covt1=[1   0.2   0    0
        0.2  1   0.3   0
         0   0.3   1   0.1
         0    0   0.1   1];
covt2=[1   0.2   0    0
        0.2  1   0.3   0
         0   0.3   1   0.1
         0    0   0.1   1];
covt3=[1   0.2   0    0
        0.2  1   0.3   0
         0   0.3   1   0.1
         0    0   0.1   1];
covt4=[1   0.2   0    0
        0.2  1   0.3   0
         0   0.3   1   0.1
         0    0   0.1   1];
covt5=[1   0.2   0    0
        0.2  1   0.3   0
         0   0.3   1   0.1
         0    0   0.1   1];
covt6=[1   0.2   0    0
        0.2  1   0.3   0
         0   0.3   1   0.1
         0    0   0.1   1];
comvt=[covm(1,1)*covt1 covm(1,2)*covt1 covm(1,3)*covt1 covm(1,4)*covt1 covm(1,5)*covt1 covm(1,6)*covt1
    covm(2,1)*covt2 covm(2,2)*covt2 covm(2,3)*covt2 covm(2,4)*covt2 covm(2,5)*covt2 covm(2,6)*covt2
    covm(3,1)*covt3 covm(3,2)*covt3 covm(3,3)*covt3 covm(3,4)*covt3 covm(3,5)*covt3 covm(3,6)*covt3
    covm(4,1)*covt4 covm(4,2)*covt4 covm(4,3)*covt4 covm(4,4)*covt4 covm(4,5)*covt4 covm(4,6)*covt4
    covm(5,1)*covt5 covm(5,2)*covt5 covm(5,3)*covt5 covm(5,4)*covt5 covm(5,5)*covt5 covm(5,6)*covt5
    covm(6,1)*covt6 covm(6,2)*covt6 covm(6,3)*covt6 covm(6,4)*covt6 covm(6,5)*covt6 covm(6,6)*covt6];


meant=[1 1 1 1 1 1];
penalty=5;
sigmat=[1 1 1 1];


Qgen1=[150 150 0];
Qgen2=[200 100 0];
Qgen3=[175 125 0];
Qgen4=[125 175 0];
Qgen5=[150 150 0];
Qgen6=[100 200 0];
Qgent=[Qgen1 Qgen2 Qgen3 Qgen4 Qgen5 Qgen6];
Qgen=[Qini Qinj Qgent];
pgen1=[2.7 3.2 3.2];
pgen2=[2.75 3.1 3.1];
pgen3=[2.8 3.05 3.05];
pgen4=[2.65 3.15 3.15];
pgen5=[2.68 3.12 3.12];
pgen6=[2.74 3.04 3.04];
pgent=[pgen1 pgen2 pgen3 pgen4 pgen5 pgen6];

lmpfore=[
    3.3154    3.4692    3.6498    3.2395
    3.4600    3.3540    3.4133    3.1675
    2.9328    3.2853    3.2581    3.4191
    3.2433    3.5504    3.3663    3.3765
    3.2086    3.0927    3.0312    3.3078
    3.1484    3.4350    3.4569    3.4022
    3.4659    3.4177    3.2146    3.2970
    3.2895    3.3820    3.1565    3.4894
    3.1553    3.2800    3.3585    3.3528
    3.3290    3.2638    3.2523    2.9740
    3.2819    3.1678    3.2837    3.0366
    3.3757    3.0552    3.1754    3.1343
    3.4822    3.5692    3.2260    3.1970
    3.1069    3.2100    3.4377    3.0628
    3.2932    3.1602    3.3911    3.5682
    3.2660    3.2368    3.3469    3.4123
    3.3938    3.1834    3.0966    3.3184
    3.2512    3.4503    3.3801    3.1576
    3.4009    3.3705    3.4853    3.3252
    3.1675    3.3187    3.3230    3.4983
    3.0418    3.3127    3.4215    3.5409
    3.4967    3.2729    3.2891    3.5283
    3.3149    3.0714    3.1697    3.3305
    3.2558    3.6085    3.5211    3.2058
    3.4312    3.2296    3.2636    3.3575
    3.1756    3.4034    3.2933    3.6157
    3.4141    3.4884    3.5644    3.4419
    3.5961    3.5332    3.4936    3.4295
    3.0865    3.3692    3.3395    3.4519
    3.3534    3.3505    3.1197    3.1458
    3.5189    3.2541    3.3183    3.3455
    3.3806    3.2971    3.2435    3.2670
    3.1258    3.2402    3.1862    3.3045
    3.3666    3.1421    3.3070    3.2194
    3.4488    3.3354    3.2078    3.2916
    3.2708    3.4088    3.1439    3.3901
    3.3024    3.3894    3.4294    3.2727
    3.2354    3.2211    3.0833    3.2814
    3.0164    3.1321    3.2002    3.1845
    3.3438    3.3048    3.3759    3.3666
    3.6096    3.4949    3.5408    3.4631
    3.5510    3.4450    3.3988    3.1235
    3.4181    3.3432    3.2718    3.1786
    3.2249    3.0290    2.9866    3.3854
    3.2129    3.2582    3.0640    3.0764
    3.3598    3.1891    3.4674    3.2544
    3.1994    3.3295    3.1367    3.0977
    3.3371    2.9486    3.3094    3.2348
    3.1174    3.1136    3.3355    3.2526
    3.1855    3.1989    3.2329    3.2220];
